144206598550
144207632292
144207632294
144207799836
144208186089
144208204917
144208227578
144208256952
144208308458
144208317389
144208501010
144208560790
144208624936
144208625074
144208724872
144208794736
144208795453
144208925135
144209069997
144209080787
144209080789
144209083231
144209083498
144209114061
144209114180
144209114758
144209161695
144209596371
144209668476
144209778188
144209915375
144209915376
144209915400
144209921719
144209921895
144209922093
144209928604
144209928714
144209928747
144209963888
144210094306
144210095161
144210145033
144210145146
144210161930
144210344835
144210346549
144210810264
144210810281
144210810520
144210810642
144210850914
144210903494
144210913799
144210913802
144210913820
144210914026
144210914458
144210931995
144210953062
144210960976
144210964555
144210981062
144210981161
144210981164
144211054873
144211115483
144211370661
144211444414
144211451102
144211730851
144211730902
144211797424
144212019525
144212030719
144212157429
144212221200
144212367302
144212378537
144212378540
144212454051
144212454065
144212627200
144212627201
10230009342
10230008338
10230007386
10230055410
10230009343
10230024629
10230007818
10230055411
10230007821
10230066344
10230007858
10230066346
10230007926
10230053435
10230007387
10230007933
10230007384
10230009734
10230067375
10230007859
10230053389
10230028233
10230009761
10230009234
10230007383
10230007814
10230066343
10230066342
10230007829
10230009345
10230066347
10230007831
10230008337
10230009758
10230007941
10230028230
10230007935
10230007939
10230028232
10230007937
10230008339
10230028231